1 0
6 40
16 c91d332923c0a3
23 0
27 fee00900
42 0
46 0
51 0
52 1ac1
53 120024
58 5
59 0
62 1
72 0
78 2
79 9b92625892467b8f
83 0
84 0
139 b00004000000000
155 0
185 0
186 0
187 ba258600005762
193 0
194 0
195 0
196 ffff
206 a0080c3bf2811500
226 8403
227 21600000
228 10414
231 132fc7db7565
232 d0b981967d7
254 2d0a
258 0
272 1
287 0
314 400000000
316 1
320 0
322 0
336 1f00000000
372 10
373 fffffe388ee21000
374 ffffffff91401780
376 0
377 7000c16
378 0
383 0
390 0
391 0
392 0
393 0
404 0
408 17f600000c00
409 c00
410 0
411 3
412 884c0000
413 0
416 850089
417 fffc3c48
418 620a00
420 0
422 0
423 0
424 0
426 402000
428 0
429 1a1b1c1d1e1f2121
430 1a1a1a1a1a1a1a1a
431 1a1a1a1a1a1a1a1a
432 7
433 88450000
434 3
454 3
456 0
457 0
473 4000
475 0
476 0
477 0
478 0
481 6
496 74
498 7c000006
499 fc000800
502 0
503 0
504 1
505 1
506 1e489
508 29240059
512 80000000
513 3fff80000800
514 380000000000
515 3e0000000800
516 0
517 0
518 0
519 0
520 0
521 0
522 0
523 0
524 0
525 0
526 0
527 0
528 0
529 0
530 0
531 0
592 606060606060606
600 606060606060606
601 0
616 505050505050505
617 505050505050505
618 505050505050505
619 505050505050505
620 505050505050505
621 505050505050505
622 505050505050505
623 505050505050505
631 407050600070106
640 40000001
641 40000001
642 40000001
643 40000001
644 0
645 40000001
646 40000001
647 40000001
648 40000001
649 40000001
650 40000001
651 40000001
652 40000001
653 40000001
654 40000001
655 40000001
656 40000001
657 40000001
658 40000001
659 40000001
660 40000001
661 0
736 0
743 9
767 c06
768 80007f00
773 0
777 0
778 fffd245fad23
779 0
837 32c4
909 b0
910 0
911 70000000f
912 0
1008 8000000200000000
1009 0
1014 ffff
1016 0
1017 36ab518fb291b6
1018 0
1020 0
1021 4540d1a2a403a6
1022 0
1024 ff
1025 0
1026 0
1027 0
1028 f
1029 0
1030 0
1031 0
1032 f
1033 0
1034 0
1035 0
1036 f
1037 0
1038 0
1039 0
1040 7f
1041 0
1042 0
1043 0
1044 807f000d
1045 0
1046 0
1047 0
1048 3
1049 0
1050 0
1051 0
1052 3f
1053 0
1054 0
1055 86
1056 3f
1057 0
1058 0
1059 86
1060 7f
1061 0
1062 0
1063 0
1064 7f
1065 0
1066 0
1067 0
1068 7f
1069 0
1070 0
1071 0
1072 7f
1073 0
1074 0
1075 0
1076 7f
1077 0
1078 0
1079 0
1080 7f
1081 0
1082 0
1083 0
1084 7f
1085 0
1086 0
1087 0
1088 7f
1089 0
1090 0
1091 0
1092 1ffffff
1093 0
1094 0
1095 80
1096 1ffffff
1097 0
1098 0
1099 80
1100 1ffffff
1101 0
1102 0
1103 80
1104 807f000d
1105 0
1106 0
1107 0
1108 0
1109 0
1110 0
1111 0
1152 da040000000012
1153 ff00000016
1154 fff9fffe0401e172
1155 7fffff00036dff
1156 ffff000011ff
1157 300481e5
1158 80000021
1159 ffffffff
1160 2000
1161 3767ff
1162 2a
1163 77fff00000000
1164 f0106334141
1165 ff00000016
1166 fff9fffe04006172
1167 7fffff00036dfb
1168 ffff000011fb
1169 1
1217 0
1218 0
1219 0
1220 ffff
1376 0
1377 7f
1392 2100
1393 0
1394 0
1536 fffffe388ee39000
1537 10141480000470
1539 160000001c1c1c
1541 0
1542 a0e03
1545 0
1546 0
1547 0
1548 0
1549 d6d215626fa86
1552 78480001583c0
1553 70ea2c1f
1555 8
1556 2f0780022003c0
1560 0
1561 eee987b2
1563 0
1564 2f00a8001700a2
1565 0
1568 c1b
1569 c
1570 1
1571 0
1591 0
1592 0
1593 0
1608 15
1609 1100780001103c0
1610 110078000000000
1611 0
1612 15
1664 0
1665 0
1666 0
1667 0
1668 0
1669 0
1670 0
1671 0
1672 0
1673 0
1674 0
1675 0
1676 0
1677 0
1678 0
1679 0
1680 e1800000
1713 0
1728 0
1729 0
1730 0
1731 0
1732 0
1733 0
1734 0
1735 0
1736 0
1737 0
1738 0
1739 0
1740 0
1741 0
1742 0
1743 0
1760 c91d3506f72c9b
1792 0
1793 0
1794 12
1795 0
1796 0
1797 0
1798 0
1799 0
1800 0
1801 0
1802 0
1803 0
1804 0
1805 0
1808 10000
1809 0
1810 0
1811 0
1812 0
1813 0
1814 0
1815 0
1816 0
1817 0
1818 0
1821 573ebd4f
1824 30000
1825 0
1826 0
1827 0
1828 0
1829 0
1830 0
1831 0
1832 0
1833 0
1834 30000
1835 0
1836 0
1837 0
1838 0
1839 0
1840 0
1841 0
1842 0
1843 0
1844 30000
1845 0
1846 0
1847 0
1848 0
1849 0
1850 0
1851 0
1852 0
1853 0
1854 30000
1855 0
1856 0
1857 0
1858 0
1859 0
1860 0
1861 0
1862 0
1863 0
1936 1
1939 0
2418 7
2560 0
2561 178fa038
2562 0
3200 40000000
3201 0
3211 c0000
3212 25550001b59faaf
3213 3
3214 a4ba2b
3215 0
3216 fffff
3217 fffff
3218 fffff
3219 fffff
3220 fffff
3221 fffff
3222 fffff
3223 fffff
3224 fffff
3225 fffff
3226 fffff
3227 fffff
3228 fffff
3229 fffff
3230 fffff
3231 fffff
3584 30000
3585 0
3586 0
3587 0
3588 0
3589 40
3590 0
3591 0
3592 0
3593 0
3594 0
3595 0
3600 30000
3601 0
3602 0
3603 0
3604 0
3605 40
3606 0
3607 0
3608 0
3609 0
3610 0
3611 0
3616 30000
3617 0
3618 0
3619 0
3620 0
3621 40
3622 0
3623 0
3624 0
3625 0
3626 0
3627 0
3632 30000
3633 0
3634 0
3635 0
3636 0
3637 40
3638 0
3639 0
3640 0
3641 0
3642 0
3643 0
3648 30000
3649 0
3650 0
3651 0
3652 0
3653 40
3654 0
3655 0
3656 0
3657 0
3658 0
3659 0
3664 30000
3665 0
3666 0
3667 0
3668 0
3669 40
3670 0
3671 0
3672 0
3673 0
3674 0
3675 0
3680 30000
3681 0
3682 0
3683 0
3684 0
3685 40
3686 0
3687 0
3688 0
3689 0
3690 0
3691 0
3696 30000
3697 0
3698 0
3699 0
3700 0
3701 40
3702 0
3703 0
3704 0
3705 0
3706 0
3707 0
3712 30000
3713 0
3714 0
3715 0
3716 0
3717 40
3718 0
3719 0
3720 0
3721 0
3722 0
3723 0
3728 30000
3729 0
3730 0
3731 0
3732 0
3733 40
3734 0
3735 0
3736 0
3737 0
3738 0
3739 0
3744 30000
3745 0
3746 0
3747 0
3748 0
3749 40
3750 0
3751 0
3752 0
3753 0
3754 0
3755 0
3760 30000
3761 0
3762 0
3763 0
3764 0
3765 40
3766 0
3767 0
3768 0
3769 0
3770 0
3771 0
3776 30000
3777 0
3778 0
3779 0
3780 0
3781 40
3782 0
3783 0
3784 0
3785 0
3786 0
3787 0
3792 30000
3793 0
3794 0
3795 0
3796 0
3797 40
3798 0
3799 0
3800 0
3801 0
3802 0
3803 0
3808 30000
3809 0
3810 0
3811 0
3812 0
3813 40
3814 0
3815 0
3816 0
3817 0
3818 0
3819 0
3824 30000
3825 0
3826 0
3827 0
3828 0
3829 40
3830 0
3831 0
3832 0
3833 0
3834 0
3835 0
3840 30000
3841 0
3842 0
3843 0
3844 0
3845 40
3846 0
3847 0
3848 0
3849 0
3850 0
3851 0
3856 30000
3857 0
3858 0
3859 0
3860 0
3861 40
3862 0
3863 0
3864 0
3865 0
3866 0
3867 0
